wallpaper-engine/data/weather/current/current-wind-surface-level-gfs-1.0.json
{"header": {"discipline":0,"disciplineName":"Meteorological Products","gribEdition":2,"gribLength":78609,"center":7,"centerName":"US National Weather Service - NCEP (WMC)","subcenter":0,"refTime":"2025-12-11T06:00:00.000Z","significanceOfRT":1,"significanceOfRTName":1,"productStatus":0,"productStatusName":"Operational products","productType":1,"productTypeName":"Forecast products","productDefinitionTemplate":0,"productDefinitionTemplateName":"Analysis or forecast at a horizontal level or in a horizontal layer at a point in time.","parameterCategory":2,"parameterCategoryName":"Momentum","parameterNumber":3,"parameterNumberName":"V-Component of Wind","parameterUnit":"m s-1","genProcessType":2,"genProcessTypeName":"Forecast","forecastTime":0,"surface1Type":103,"surface1TypeName":"Specified Height Level Above Ground","surface1Value":10,"surface2Type":255,"surface2TypeName":"Missing","surface2Value":0,"gridDefinitionTemplate":0,"gridDefinitionTemplateName":"Latitude/longitude (or equidistant cylindrical, or Plate Carree)","numberPoints":65160,"shape":6,"shapeName":"Earth assumed spherical with radius of 6,371,229.0 m","gridUnits":"degrees","resolution":48,"winds":true,"scanMode":0,"nx":360,"ny":181,"basicAngle":0.000001,"lo1":0,"la1":90,"lo2":359,"la2":-90,"dx":1,"dy":1,"subDivisions":0}, "data":
[rows 0 to 22 of 181, columns 0 to 50 of 360]
1.4853515625,1.5253515625,1.5653515625,1.5953515625,1.6353515625,1.6653515625,1.7053515625,1.7353515625,1.7753515625,1.8053515625,1.8353515625,1.8653515625,1.9053515625,1.9353515625,1.9653515625,1.9953515625,2.0253515625,2.0453515625,2.0753515625,2.1053515625,2.1353515625,2.1553515625,2.1853515625,2.2053515625,2.2353515625,2.2553515625,2.2753515625,2.2953515625,2.3153515625,2.3353515625,2.3553515625,2.3753515625,2.3953515625,2.4153515625,2.4353515625,2.4453515625,2.4653515625,2.4753515625,2.4853515625,2.5053515625,2.5153515625,2.5253515625,2.5353515625,2.5453515625,2.5553515625,2.5653515625,2.5753515625,2.5753515625,2.5853515625,2.5953515625,2.5953515625
4.2953515625,4.3053515625,4.3353515625,4.3653515625,4.3853515625,4.4153515625,4.4353515625,4.4553515625,4.4753515625,4.4853515625,4.4853515625,4.4853515625,4.4853515625,4.4753515625,4.4753515625,4.4553515625,4.4453515625,4.4453515625,4.4553515625,4.4653515625,4.4653515625,4.4653515625,4.4553515625,4.4453515625,4.4353515625,4.4253515625,4.3953515625,4.3553515625,4.3153515625,4.2653515625,4.2053515625,4.1353515625,4.0553515625,3.9753515625,3.8953515625,3.8253515625,3.7753515625,3.7653515625,3.7453515625,3.7353515625,3.7253515625,3.7153515625,3.7153515625,3.7153515625,3.7053515625,3.6953515625,3.6853515625,3.6553515625,3.6353515625,3.6253515625,3.6053515625
5.5053515625,5.5553515625,5.5953515625,5.6353515625,5.6953515625,5.7553515625,5.8053515625,5.8253515625,5.7753515625,5.7253515625,5.6553515625,5.6053515625,5.6053515625,5.6253515625,5.6353515625,5.6453515625,5.6653515625,5.6653515625,5.6453515625,5.5953515625,5.5153515625,5.4053515625,5.3053515625,5.2253515625,5.1553515625,5.1053515625,5.0653515625,4.9953515625,4.9253515625,4.8453515625,4.7553515625,4.6453515625,4.5553515625,4.4453515625,4.3353515625,4.2553515625,4.1653515625,4.0853515625,3.9953515625,3.8953515625,3.8053515625,3.6953515625,3.6453515625,3.6053515625,3.5753515625,3.5853515625,3.5953515625,3.6553515625,3.7053515625,3.7653515625,3.8253515625
6.7953515625,6.7853515625,6.7553515625,6.7253515625,6.6853515625,6.6153515625,6.5253515625,6.3953515625,6.2853515625,6.2053515625,6.1453515625,6.0853515625,6.0053515625,5.9253515625,5.8653515625,5.8453515625,5.8353515625,5.8153515625,5.7553515625,5.6653515625,5.6153515625,5.5553515625,5.5053515625,5.4753515625,5.4153515625,5.3453515625,5.2453515625,5.1153515625,4.9553515625,4.8053515625,4.6753515625,4.5353515625,4.4253515625,4.3253515625,4.2053515625,4.0853515625,3.9753515625,3.8553515625,3.7253515625,3.5553515625,3.3853515625,3.2253515625,3.0753515625,2.9353515625,2.8053515625,2.7853515625,2.8553515625,2.9653515625,3.1353515625,3.3153515625,3.5153515625
8.1453515625,8.0453515625,7.9753515625,7.8853515625,7.7953515625,7.6453515625,7.4953515625,7.4153515625,7.3353515625,7.1253515625,6.9253515625,6.9153515625,6.8653515625,6.6653515625,6.4753515625,6.3653515625,6.2353515625,6.0953515625,5.9353515625,5.7753515625,5.6253515625,5.5253515625,5.4153515625,5.2753515625,5.1453515625,5.0553515625,5.0153515625,4.9553515625,4.8653515625,4.7553515625,4.6553515625,4.5553515625,4.4553515625,4.3153515625,4.1653515625,4.0053515625,3.8553515625,3.6953515625,3.5353515625,3.3953515625,3.2753515625,3.1553515625,3.0453515625,2.9353515625,2.8453515625,2.7853515625,2.7653515625,2.7753515625,2.8753515625,3.0753515625,3.3653515625
7.0653515625,7.0153515625,6.9153515625,6.8253515625,6.7953515625,6.7153515625,6.6253515625,6.5253515625,6.4853515625,6.4453515625,6.3353515625,6.2353515625,6.1453515625,6.1553515625,6.1153515625,5.9753515625,5.8453515625,5.6653515625,5.4653515625,5.2653515625,5.0753515625,4.9653515625,4.8853515625,4.7453515625,4.6053515625,4.4953515625,4.4153515625,4.2753515625,4.1053515625,3.9653515625,3.7653515625,3.5553515625,3.3553515625,3.1553515625,2.9853515625,2.8353515625,2.6453515625,2.4453515625,2.2053515625,1.9853515625,1.8553515625,1.8353515625,1.8553515625,1.9553515625,2.1053515625,2.3053515625,2.5353515625,2.7653515625,2.9853515625,3.2353515625,3.4953515625
5.5553515625,5.5053515625,5.3953515625,5.3453515625,5.3653515625,5.3353515625,5.2453515625,5.1353515625,5.0553515625,4.9853515625,4.8953515625,4.8053515625,4.7653515625,4.7253515625,4.6453515625,4.5753515625,4.5253515625,4.4153515625,4.3053515625,4.1953515625,4.0053515625,3.7453515625,3.5253515625,3.5253515625,3.4153515625,3.1153515625,2.8153515625,2.5453515625,2.2553515625,1.9153515625,1.5953515625,1.4053515625,1.1653515625,0.8153515625,0.4453515625,0.2153515625,0.1753515625,0.2553515625,0.4453515625,0.6653515625,1.0353515625,1.4553515625,1.7953515625,2.0653515625,2.2853515625,2.4953515625,2.6853515625,2.8653515625,2.9953515625,3.0953515625,3.1653515625
3.8753515625,3.9553515625,4.0153515625,4.0253515625,4.0253515625,4.0453515625,4.0453515625,4.0053515625,3.9153515625,3.8753515625,3.8253515625,3.8553515625,3.8653515625,3.7653515625,3.6153515625,3.4753515625,3.4153515625,3.3553515625,3.2253515625,3.0853515625,2.8753515625,2.6253515625,2.5053515625,2.3253515625,2.1453515625,1.8353515625,1.3953515625,0.9853515625,0.5753515625,0.2253515625,-0.2646484375,-0.6046484375,-0.8446484375,-0.8946484375,-0.5446484375,0.2353515625,1.1353515625,1.6353515625,1.8553515625,1.7153515625,1.7353515625,1.8553515625,2.0153515625,2.1453515625,2.2353515625,2.2253515625,2.1653515625,1.9853515625,1.8053515625,1.7053515625,1.6953515625
4.5053515625,4.2453515625,4.1053515625,3.9853515625,3.9653515625,3.9753515625,4.0553515625,4.1353515625,4.0653515625,3.9153515625,3.7653515625,3.5453515625,3.2953515625,2.9953515625,2.7653515625,2.6253515625,2.7353515625,2.4753515625,1.9553515625,1.7653515625,2.0653515625,2.3853515625,2.2653515625,1.5853515625,1.7253515625,2.1653515625,1.9053515625,1.1853515625,0.0953515625,-0.9546484375,-1.3046484375,-1.0146484375,-0.3446484375,0.6053515625,1.6153515625,2.1153515625,1.5353515625,0.8453515625,0.4353515625,0.2653515625,0.1753515625,0.0053515625,-0.3146484375,-0.7246484375,-1.2846484375,0.5853515625,2.2453515625,2.6553515625,2.5353515625,2.1553515625,1.6153515625
6.1353515625,5.3053515625,4.8453515625,4.7553515625,4.5553515625,4.2053515625,3.8753515625,3.9053515625,7.1453515625,10.8453515625,11.3853515625,12.6053515625,12.4353515625,10.2553515625,8.8453515625,8.9153515625,8.6153515625,7.8353515625,7.3053515625,7.0053515625,6.3453515625,5.0553515625,3.8853515625,3.6553515625,3.9253515625,4.3253515625,4.0453515625,3.5853515625,3.0853515625,2.7253515625,2.3953515625,2.0353515625,1.5753515625,0.4953515625,-0.3746484375,-0.7546484375,-0.3846484375,0.8353515625,3.2153515625,4.3853515625,2.9353515625,1.3153515625,0.0653515625,-0.4546484375,-0.4746484375,-0.5646484375,-0.8246484375,-1.5346484375,-0.5146484375,1.1453515625,1.2653515625
7.5053515625,7.8253515625,7.8653515625,8.2053515625,8.9453515625,11.3653515625,12.6953515625,12.5253515625,13.6153515625,14.5253515625,14.7953515625,12.7653515625,8.5853515625,6.2153515625,7.4653515625,7.9853515625,4.4953515625,6.9553515625,8.4553515625,3.8953515625,3.1853515625,2.7553515625,3.4853515625,5.5453515625,4.2953515625,2.7953515625,1.0053515625,1.8553515625,4.7053515625,5.1353515625,4.1253515625,4.0353515625,4.0253515625,3.7153515625,3.3453515625,3.1853515625,2.8953515625,2.4353515625,2.3853515625,2.2153515625,1.3153515625,0.4153515625,0.0953515625,-0.6846484375,-1.3646484375,-1.9946484375,-2.2746484375,-2.7346484375,-2.8146484375,-2.8846484375,-2.6146484375
4.5553515625,11.2353515625,11.1253515625,11.7753515625,12.1553515625,12.7053515625,12.9553515625,14.2753515625,12.8353515625,11.3053515625,10.8053515625,8.8953515625,2.0853515625,-0.2146484375,0.4353515625,-1.0846484375,-0.3846484375,0.9253515625,0.9353515625,1.6353515625,2.7653515625,2.9853515625,2.3653515625,4.4353515625,4.1653515625,4.6553515625,4.9553515625,4.7153515625,4.4153515625,3.9253515625,3.3953515625,2.9253515625,2.6853515625,2.4953515625,1.8153515625,1.0353515625,0.5953515625,0.1553515625,-0.3846484375,-0.6946484375,-0.8646484375,-1.2846484375,-1.7846484375,-2.0146484375,-2.7146484375,-3.5346484375,-4.0146484375,-2.1346484375,-1.9646484375,-1.9746484375,-2.9046484375
13.0053515625,14.4653515625,14.4253515625,13.7153515625,13.2453515625,12.8453515625,12.2153515625,11.4653515625,10.5053515625,10.2453515625,10.4453515625,10.2153515625,10.1753515625,7.3653515625,3.2253515625,0.8853515625,-0.0646484375,0.2253515625,-0.2446484375,0.2553515625,4.1653515625,2.7253515625,1.9453515625,1.6253515625,2.9253515625,3.4353515625,2.9553515625,2.4453515625,1.9453515625,1.1953515625,0.5153515625,-0.1446484375,-0.8746484375,-1.1246484375,-1.2446484375,-1.4246484375,-1.7746484375,-2.2946484375,-2.8546484375,-3.2946484375,-3.5446484375,-3.8646484375,-4.1746484375,-4.3046484375,-4.2646484375,-4.3946484375,-4.7146484375,-4.9446484375,-4.7046484375,-4.2246484375,-4.0846484375
12.7953515625,12.2453515625,11.7153515625,10.9753515625,10.2753515625,9.4953515625,9.1153515625,8.9653515625,8.5253515625,8.2453515625,7.9653515625,6.8253515625,5.9153515625,5.6053515625,4.7853515625,0.3153515625,-1.0646484375,-0.3246484375,-0.6246484375,2.3553515625,1.9853515625,1.9053515625,1.1853515625,0.4853515625,0.1853515625,-0.1546484375,-0.9746484375,-1.6746484375,-0.9346484375,-0.4446484375,-1.6646484375,-2.9246484375,-2.4446484375,-1.5746484375,-2.0446484375,-2.5346484375,-2.7346484375,-2.8846484375,-3.2546484375,-3.5846484375,-3.9646484375,-4.3946484375,-4.6446484375,-4.9846484375,-5.4246484375,-5.5346484375,-5.4746484375,-5.3946484375,-5.1946484375,-5.0746484375,-5.1846484375
9.5253515625,9.0153515625,8.6353515625,8.6853515625,8.2753515625,7.5853515625,7.3353515625,6.5853515625,5.9353515625,4.5853515625,3.7253515625,2.3453515625,3.6153515625,5.4453515625,2.9853515625,2.7253515625,2.0953515625,1.7553515625,0.9053515625,0.1553515625,-0.1546484375,-0.5546484375,-1.1246484375,-1.8546484375,-2.4546484375,-2.7146484375,-3.6346484375,-4.6446484375,-4.7746484375,-4.4446484375,-4.2646484375,-4.3346484375,-4.4246484375,-3.3746484375,-3.0446484375,-3.3446484375,-3.7346484375,-4.4146484375,-4.3246484375,-4.6246484375,-4.8746484375,-4.9246484375,-4.8846484375,-4.8446484375,-4.8046484375,-5.0146484375,-5.1946484375,-5.4246484375,-5.7546484375,-5.9146484375,-5.7046484375
6.9353515625,6.0653515625,5.8553515625,6.3053515625,6.8953515625,5.1553515625,4.7753515625,5.1953515625,3.8453515625,3.1353515625,1.7053515625,1.4153515625,3.5053515625,1.6153515625,1.5353515625,0.8753515625,0.2153515625,-0.2846484375,-0.7546484375,-1.4246484375,-2.5046484375,-3.5746484375,-5.0046484375,-6.0146484375,-4.8146484375,-4.8046484375,-3.7246484375,-2.2746484375,-2.2246484375,-3.0246484375,-2.7946484375,-3.0946484375,-3.6246484375,-4.0146484375,-4.3346484375,-5.2146484375,-5.0946484375,-4.8846484375,-4.8546484375,-5.0546484375,-5.0846484375,-5.0446484375,-4.9746484375,-4.9746484375,-5.5946484375,-5.7546484375,-4.7146484375,-4.4546484375,-4.1946484375,-3.6846484375,-3.5146484375
6.2953515625,5.7553515625,5.1853515625,4.8353515625,4.9953515625,4.6453515625,3.6553515625,2.3753515625,1.4753515625,1.0953515625,0.5053515625,0.5553515625,0.7353515625,-0.4746484375,-0.9546484375,-1.3746484375,-2.1246484375,-3.1346484375,-4.1846484375,-4.4546484375,-4.7646484375,-4.7046484375,-3.6746484375,-3.7346484375,-3.9446484375,-4.2046484375,-4.4146484375,-4.0346484375,-3.3346484375,-4.7046484375,-4.2846484375,-4.9646484375,-6.4546484375,-5.9546484375,-6.3046484375,-6.6246484375,-7.0446484375,-7.5746484375,-7.3946484375,-5.9246484375,-5.7346484375,-4.9246484375,-3.9546484375,-3.5546484375,-3.3046484375,-2.7546484375,-2.2446484375,-1.7846484375,-1.2646484375,-0.4946484375,0.4053515625
2.1553515625,1.9953515625,2.2853515625,3.0753515625,3.7953515625,3.2853515625,2.1653515625,1.1753515625,0.3553515625,-0.9146484375,-1.4146484375,-1.2446484375,-1.9546484375,-2.9246484375,-3.6046484375,-4.0846484375,-4.4146484375,-3.7046484375,-3.6046484375,-3.6946484375,-4.5846484375,-6.0246484375,-4.6446484375,-2.4046484375,-3.2646484375,-3.8946484375,-4.1846484375,-3.0146484375,-3.8746484375,-4.4046484375,-6.1546484375,-6.3446484375,-6.4646484375,-6.7046484375,-6.6846484375,-4.7946484375,-6.1646484375,-6.5546484375,-5.1946484375,-4.9546484375,-5.1246484375,-5.2046484375,-4.2146484375,-2.4746484375,-1.4746484375,-0.9346484375,-0.3846484375,0.3753515625,0.8553515625,1.1753515625,1.4753515625
2.4653515625,2.3653515625,1.9853515625,1.6353515625,1.3253515625,1.2053515625,0.8353515625,-0.1046484375,-0.8546484375,-1.2846484375,-1.9446484375,-2.7646484375,-3.4046484375,-3.8046484375,-4.0546484375,-4.4946484375,-4.7846484375,-5.1946484375,-5.0146484375,-4.2646484375,-5.5046484375,-4.7646484375,-4.1546484375,-3.0346484375,-5.2746484375,-5.0946484375,-3.4746484375,-5.6546484375,-4.7246484375,-5.4046484375,-5.8946484375,-6.3546484375,-6.3346484375,-5.9846484375,-6.8146484375,-6.7746484375,-5.7446484375,-6.4846484375,-6.5946484375,-6.2246484375,-5.9746484375,-5.0246484375,-4.2146484375,-4.0346484375,-3.9046484375,-3.1146484375,-2.1646484375,-1.4546484375,-0.7846484375,-0.0946484375,0.3353515625
2.6453515625,2.4853515625,2.2953515625,1.8853515625,1.0553515625,0.2853515625,-0.2846484375,-0.8646484375,-1.5146484375,-2.1746484375,-2.8346484375,-3.4446484375,-4.1146484375,-4.2946484375,-4.7246484375,-5.3346484375,-5.7146484375,-5.9546484375,-6.1746484375,-5.4246484375,-4.6146484375,-4.5246484375,-4.2946484375,-3.6446484375,-4.9046484375,-4.7746484375,-4.6146484375,-3.5746484375,-3.5346484375,-4.3746484375,-5.2046484375,-6.4946484375,-6.9146484375,-6.2046484375,-5.3746484375,-6.7046484375,-8.4546484375,-8.4346484375,-8.0646484375,-7.5246484375,-7.1646484375,-7.3246484375,-7.8646484375,-7.5846484375,-7.0146484375,-5.3946484375,-3.8546484375,-2.6646484375,-1.4346484375,-0.6346484375,-0.3246484375
1.9753515625,1.5453515625,1.1253515625,0.7353515625,0.0953515625,-0.5146484375,-1.2046484375,-1.8746484375,-2.6746484375,-3.3346484375,-3.8546484375,-4.4146484375,-4.8846484375,-5.1546484375,-5.4046484375,-5.3946484375,-4.8646484375,-4.0146484375,-2.5346484375,-1.0746484375,-0.9846484375,-0.1646484375,0.4853515625,-1.0146484375,-2.5746484375,-0.9446484375,-3.3746484375,-2.6146484375,-0.5146484375,-3.4246484375,-7.9946484375,-5.6346484375,-7.4446484375,-8.7246484375,-7.1346484375,-8.8146484375,-11.1546484375,-9.1246484375,-7.8746484375,-8.8346484375,-9.8446484375,-11.1546484375,-11.3346484375,-12.3246484375,-10.0546484375,-5.4946484375,-2.0946484375,0.8353515625,2.2753515625,2.7953515625,2.3553515625
-1.2746484375,-1.2346484375,-1.2446484375,-1.4546484375,-1.7646484375,-2.0646484375,-2.6046484375,-3.1146484375,-3.5946484375,-4.3046484375,-5.2246484375,-5.9946484375,-6.5146484375,-6.4846484375,-5.9146484375,-3.7546484375,0.0053515625,-1.1546484375,0.6953515625,2.9653515625,0.8253515625,-2.8346484375,-3.4646484375,-3.0446484375,-2.6846484375,-2.0946484375,-2.3246484375,-1.0446484375,-2.7246484375,-1.1746484375,-2.1346484375,-2.7746484375,-1.2746484375,-0.4446484375,-0.7046484375,-2.6346484375,-5.6646484375,-9.2046484375,-9.1646484375,-9.1446484375,-12.8246484375,-14.2946484375,-16.7246484375,-3.8746484375,0.9253515625,0.0353515625,0.1053515625,0.4553515625,-0.3546484375,-1.6546484375,-0.2546484375
-1.7846484375,-1.8546484375,-2.0946484375,-2.5246484375,-3.2546484375,-3.7246484375,-4.2846484375,-4.3746484375,-3.6246484375,-3.9346484375,-4.7446484375,-4.4846484375,-3.6546484375,-2.1146484375,-2.9646484375,-2.1946484375,2.6653515625,0.8453515625,0.1153515625,-1.6546484375,-3.4046484375,-3.7646484375,-4.8846484375,-3.7946484375,-2.1746484375,-3.0146484375,-2.2446484375,-2.5446484375,-3.1846484375,-2.0646484375,-1.1246484375,-1.6346484375,-3.9046484375,-1.3646484375,0.2153515625,0.1353515625,-3.0246484375,-3.2646484375,-3.7346484375,-4.0646484375,-7.8346484375,-8.8846484375,-7.0546484375,-5.0446484375,-2.3846484375,-1.4746484375,-1.4646484375,-3.6946484375,-0.3346484375,4.0253515625,3.2553515625
