wallpaper-engine/data/weather/current/current-wind-surface-level-gfs-1.0.json
{"header": {"discipline":0,"disciplineName":"Meteorological Products","gribEdition":2,"gribLength":78264,"center":7,"centerName":"US National Weather Service - NCEP (WMC)","subcenter":0,"refTime":"2025-12-11T06:00:00.000Z","significanceOfRT":1,"significanceOfRTName":1,"productStatus":0,"productStatusName":"Operational products","productType":1,"productTypeName":"Forecast products","productDefinitionTemplate":0,"productDefinitionTemplateName":"Analysis or forecast at a horizontal level or in a horizontal layer at a point in time.","parameterCategory":2,"parameterCategoryName":"Momentum","parameterNumber":2,"parameterNumberName":"U-Component of Wind","parameterUnit":"m s-1","genProcessType":2,"genProcessTypeName":"Forecast","forecastTime":0,"surface1Type":103,"surface1TypeName":"Specified Height Level Above Ground","surface1Value":10,"surface2Type":255,"surface2TypeName":"Missing","surface2Value":0,"gridDefinitionTemplate":0,"gridDefinitionTemplateName":"Latitude/longitude (or equidistant cylindrical, or Plate Carree)","numberPoints":65160,"shape":6,"shapeName":"Earth assumed spherical with radius of 6,371,229.0 m","gridUnits":"degrees","resolution":48,"winds":true,"scanMode":0,"nx":360,"ny":181,"basicAngle":0.000001,"lo1":0,"la1":90,"lo2":359,"la2":-90,"dx":1,"dy":1,"subDivisions":0}, "data":
[rows 40 to 59 of 181, columns 135 to 179 of 360]
0.15522216796875,-0.63477783203125,1.16522216796875,3.06522216796875,3.51522216796875,2.16522216796875,5.69522216796875,3.85522216796875,1.24522216796875,5.25522216796875,4.97522216796875,6.86522216796875,8.83522216796875,7.70522216796875,7.16522216796875,12.96522216796875,12.97522216796875,12.68522216796875,11.45522216796875,12.58522216796875,9.96522216796875,6.10522216796875,4.53522216796875,5.29522216796875,7.96522216796875,7.70522216796875,8.38522216796875,6.55522216796875,2.43522216796875,0.37522216796875,0.69522216796875,0.57522216796875,-0.49477783203125,-0.61477783203125,-1.68477783203125,1.14522216796875,-2.14477783203125,-1.81477783203125,-3.55477783203125,-4.03477783203125,-4.48477783203125,-4.81477783203125,-4.77477783203125,-4.09477783203125,-2.74477783203125
3.26522216796875,2.62522216796875,3.16522216796875,3.18522216796875,3.56522216796875,5.80522216796875,5.48522216796875,4.02522216796875,5.38522216796875,5.13522216796875,5.48522216796875,7.62522216796875,9.16522216796875,10.79522216796875,11.63522216796875,11.44522216796875,10.43522216796875,8.59522216796875,7.19522216796875,8.20522216796875,8.60522216796875,7.70522216796875,5.75522216796875,5.59522216796875,7.58522216796875,8.01522216796875,7.89522216796875,7.24522216796875,-1.34477783203125,-2.17477783203125,-2.45477783203125,-1.97477783203125,-3.08477783203125,-2.93477783203125,-1.05477783203125,-0.61477783203125,-1.60477783203125,-4.88477783203125,-5.56477783203125,-6.36477783203125,-5.55477783203125,-5.75477783203125,-6.58477783203125,-5.32477783203125,-4.25477783203125
5.43522216796875,3.62522216796875,4.82522216796875,4.80522216796875,1.91522216796875,6.93522216796875,2.27522216796875,5.89522216796875,5.89522216796875,5.34522216796875,5.80522216796875,7.34522216796875,8.67522216796875,8.30522216796875,7.56522216796875,7.16522216796875,5.98522216796875,5.83522216796875,5.09522216796875,6.71522216796875,6.20522216796875,6.93522216796875,6.73522216796875,7.13522216796875,7.71522216796875,7.48522216796875,7.75522216796875,7.50522216796875,8.54522216796875,-1.78477783203125,-1.29477783203125,-2.17477783203125,-3.85477783203125,-3.14477783203125,0.88522216796875,-2.74477783203125,-2.32477783203125,-5.64477783203125,-6.81477783203125,-6.83477783203125,-5.67477783203125,-6.61477783203125,-7.53477783203125,-4.93477783203125,-5.43477783203125
4.10522216796875,3.95522216796875,2.57522216796875,3.23522216796875,3.84522216796875,6.82522216796875,8.66522216796875,4.53522216796875,3.53522216796875,7.36522216796875,5.87522216796875,3.84522216796875,3.70522216796875,2.17522216796875,4.44522216796875,5.06522216796875,4.70522216796875,3.40522216796875,3.10522216796875,3.82522216796875,3.78522216796875,5.62522216796875,6.61522216796875,6.58522216796875,7.27522216796875,8.10522216796875,7.41522216796875,8.86522216796875,9.24522216796875,9.01522216796875,6.53522216796875,-0.55477783203125,-0.94477783203125,-2.49477783203125,-0.62477783203125,-2.72477783203125,-6.92477783203125,-7.31477783203125,-8.00477783203125,-7.85477783203125,-7.59477783203125,-7.06477783203125,-7.34477783203125,-6.08477783203125,-6.53477783203125
4.43522216796875,4.69522216796875,2.96522216796875,5.13522216796875,4.95522216796875,5.39522216796875,6.59522216796875,5.05522216796875,9.18522216796875,8.65522216796875,5.98522216796875,3.25522216796875,3.13522216796875,5.34522216796875,2.37522216796875,0.88522216796875,4.25522216796875,3.46522216796875,4.48522216796875,3.74522216796875,4.24522216796875,5.59522216796875,6.27522216796875,6.33522216796875,6.50522216796875,7.36522216796875,7.21522216796875,8.03522216796875,8.96522216796875,6.42522216796875,3.57522216796875,0.37522216796875,-0.16477783203125,0.07522216796875,-1.58477783203125,-5.64477783203125,-9.40477783203125,-9.34477783203125,-9.45477783203125,-8.79477783203125,-9.28477783203125,-8.68477783203125,-8.80477783203125,-9.63477783203125,-7.26477783203125
4.70522216796875,3.32522216796875,12.19522216796875,5.88522216796875,3.65522216796875,5.83522216796875,6.89522216796875,2.41522216796875,5.90522216796875,4.28522216796875,4.78522216796875,3.50522216796875,1.27522216796875,7.38522216796875,4.63522216796875,4.08522216796875,3.64522216796875,3.95522216796875,4.42522216796875,3.86522216796875,4.70522216796875,5.65522216796875,5.76522216796875,6.08522216796875,6.20522216796875,7.75522216796875,8.24522216796875,7.65522216796875,9.02522216796875,6.22522216796875,4.44522216796875,0.97522216796875,-0.02477783203125,1.36522216796875,-1.40477783203125,-7.54477783203125,-12.55477783203125,-12.02477783203125,-12.12477783203125,-10.21477783203125,-9.92477783203125,-10.59477783203125,-9.49477783203125,-9.34477783203125,-8.65477783203125
5.03522216796875,9.75522216796875,9.36522216796875,4.76522216796875,10.03522216796875,7.36522216796875,2.00522216796875,1.32522216796875,1.58522216796875,1.42522216796875,1.50522216796875,8.96522216796875,3.51522216796875,4.87522216796875,3.69522216796875,3.28522216796875,3.33522216796875,4.03522216796875,4.78522216796875,4.64522216796875,5.00522216796875,5.26522216796875,5.34522216796875,6.02522216796875,5.06522216796875,5.94522216796875,5.85522216796875,7.08522216796875,6.67522216796875,8.71522216796875,5.06522216796875,0.03522216796875,-0.33477783203125,1.45522216796875,-1.06477783203125,-13.71477783203125,-16.36477783203125,-16.49477783203125,-13.51477783203125,-11.96477783203125,-10.44477783203125,-11.01477783203125,-11.23477783203125,-10.28477783203125,-9.44477783203125
6.83522216796875,7.87522216796875,8.24522216796875,5.90522216796875,4.43522216796875,3.66522216796875,1.55522216796875,1.74522216796875,4.42522216796875,3.46522216796875,8.77522216796875,6.01522216796875,4.84522216796875,2.88522216796875,1.61522216796875,1.97522216796875,3.18522216796875,3.59522216796875,3.78522216796875,3.16522216796875,4.09522216796875,4.40522216796875,4.82522216796875,4.97522216796875,4.98522216796875,5.07522216796875,6.25522216796875,5.73522216796875,5.81522216796875,7.66522216796875,4.89522216796875,0.65522216796875,1.03522216796875,2.17522216796875,-4.45477783203125,-18.14477783203125,-19.52477783203125,-19.63477783203125,-18.26477783203125,-12.63477783203125,-10.43477783203125,-11.96477783203125,-11.74477783203125,-10.36477783203125,-10.17477783203125
2.72522216796875,1.68522216796875,3.90522216796875,2.31522216796875,3.92522216796875,1.90522216796875,9.13522216796875,1.26522216796875,9.43522216796875,10.53522216796875,11.52522216796875,7.10522216796875,6.63522216796875,4.26522216796875,3.14522216796875,1.89522216796875,2.95522216796875,2.94522216796875,2.78522216796875,2.37522216796875,3.51522216796875,3.79522216796875,4.18522216796875,4.03522216796875,4.53522216796875,4.17522216796875,5.44522216796875,5.58522216796875,5.81522216796875,7.08522216796875,5.52522216796875,4.35522216796875,4.79522216796875,5.89522216796875,-17.51477783203125,-22.80477783203125,-22.11477783203125,-21.97477783203125,-19.81477783203125,-15.23477783203125,-11.69477783203125,-11.22477783203125,-11.67477783203125,-10.99477783203125,-10.04477783203125
7.33522216796875,0.93522216796875,1.60522216796875,-0.34477783203125,2.19522216796875,6.67522216796875,6.89522216796875,7.33522216796875,7.00522216796875,8.43522216796875,6.99522216796875,6.46522216796875,5.49522216796875,5.55522216796875,3.63522216796875,2.88522216796875,3.72522216796875,2.74522216796875,2.39522216796875,2.21522216796875,2.51522216796875,2.68522216796875,2.95522216796875,2.93522216796875,3.51522216796875,3.56522216796875,4.80522216796875,6.18522216796875,6.23522216796875,7.67522216796875,7.76522216796875,7.19522216796875,9.58522216796875,13.72522216796875,-15.62477783203125,-21.04477783203125,-14.69477783203125,-17.61477783203125,-20.03477783203125,-15.14477783203125,-13.32477783203125,-11.74477783203125,-11.68477783203125,-11.13477783203125,-11.49477783203125
0.29522216796875,-1.47477783203125,-1.93477783203125,-0.95477783203125,-0.80477783203125,11.13522216796875,1.50522216796875,2.05522216796875,5.91522216796875,3.91522216796875,3.58522216796875,4.49522216796875,3.73522216796875,4.04522216796875,4.38522216796875,3.37522216796875,2.84522216796875,1.64522216796875,1.37522216796875,1.82522216796875,2.05522216796875,1.97522216796875,1.79522216796875,3.20522216796875,3.01522216796875,3.17522216796875,4.03522216796875,6.34522216796875,8.21522216796875,8.79522216796875,9.98522216796875,11.73522216796875,12.63522216796875,21.25522216796875,32.54522216796875,10.26522216796875,3.79522216796875,6.50522216796875,-14.18477783203125,-16.51477783203125,-14.44477783203125,-10.29477783203125,-11.44477783203125,-10.39477783203125,-10.45477783203125
0.84522216796875,2.88522216796875,11.84522216796875,14.64522216796875,15.84522216796875,4.56522216796875,0.34522216796875,8.94522216796875,6.21522216796875,2.43522216796875,1.94522216796875,2.73522216796875,1.86522216796875,2.43522216796875,2.89522216796875,1.68522216796875,1.91522216796875,0.70522216796875,0.75522216796875,1.26522216796875,1.86522216796875,2.28522216796875,2.28522216796875,3.08522216796875,3.79522216796875,5.54522216796875,5.48522216796875,5.77522216796875,7.10522216796875,10.30522216796875,11.10522216796875,12.67522216796875,16.28522216796875,19.43522216796875,24.34522216796875,23.82522216796875,19.39522216796875,12.98522216796875,0.12522216796875,-12.64477783203125,-15.68477783203125,-10.42477783203125,-10.98477783203125,-10.98477783203125,-10.79477783203125
7.43522216796875,13.92522216796875,15.85522216796875,12.40522216796875,7.62522216796875,0.55522216796875,4.81522216796875,6.49522216796875,5.51522216796875,4.74522216796875,2.06522216796875,-2.30477783203125,0.32522216796875,1.38522216796875,3.08522216796875,1.55522216796875,0.65522216796875,-0.70477783203125,0.36522216796875,1.08522216796875,2.47522216796875,3.06522216796875,3.39522216796875,4.36522216796875,4.83522216796875,5.99522216796875,7.29522216796875,7.15522216796875,7.87522216796875,10.45522216796875,11.14522216796875,13.49522216796875,15.16522216796875,17.67522216796875,19.15522216796875,19.11522216796875,19.24522216796875,16.02522216796875,12.49522216796875,-9.27477783203125,-14.28477783203125,-10.36477783203125,-10.88477783203125,-9.71477783203125,-10.63477783203125
16.18522216796875,9.45522216796875,6.55522216796875,0.30522216796875,-0.28477783203125,0.95522216796875,5.25522216796875,7.85522216796875,5.14522216796875,5.06522216796875,2.49522216796875,-1.27477783203125,0.35522216796875,1.66522216796875,1.51522216796875,0.46522216796875,0.40522216796875,-0.24477783203125,-0.55477783203125,-0.36477783203125,1.81522216796875,0.63522216796875,1.71522216796875,1.47522216796875,1.83522216796875,4.25522216796875,6.02522216796875,6.60522216796875,7.81522216796875,9.46522216796875,10.86522216796875,12.65522216796875,15.00522216796875,15.53522216796875,16.75522216796875,15.47522216796875,18.09522216796875,15.87522216796875,13.40522216796875,-2.81477783203125,-12.39477783203125,-10.19477783203125,-10.01477783203125,-10.51477783203125,-9.55477783203125
9.02522216796875,3.48522216796875,0.53522216796875,2.86522216796875,-1.09477783203125,0.89522216796875,6.27522216796875,5.71522216796875,5.32522216796875,3.43522216796875,0.88522216796875,-0.74477783203125,0.07522216796875,-2.06477783203125,-2.81477783203125,-1.11477783203125,-0.45477783203125,-0.88477783203125,-0.62477783203125,1.43522216796875,3.24522216796875,2.38522216796875,1.56522216796875,0.62522216796875,0.56522216796875,2.64522216796875,5.55522216796875,6.98522216796875,7.86522216796875,8.14522216796875,8.92522216796875,11.04522216796875,11.74522216796875,13.34522216796875,13.98522216796875,13.48522216796875,16.77522216796875,14.30522216796875,12.99522216796875,12.12522216796875,-10.18477783203125,-11.16477783203125,-9.52477783203125,-8.57477783203125,-8.67477783203125
3.30522216796875,2.07522216796875,0.21522216796875,3.98522216796875,7.43522216796875,6.53522216796875,9.49522216796875,7.87522216796875,7.54522216796875,4.58522216796875,1.05522216796875,-2.77477783203125,-0.88477783203125,-2.29477783203125,-3.76477783203125,-2.11477783203125,-2.31477783203125,-1.20477783203125,-0.11477783203125,-0.55477783203125,0.27522216796875,0.74522216796875,2.14522216796875,2.56522216796875,1.74522216796875,2.75522216796875,5.92522216796875,7.51522216796875,7.66522216796875,7.35522216796875,7.61522216796875,9.73522216796875,11.13522216796875,11.70522216796875,12.12522216796875,13.31522216796875,14.31522216796875,13.93522216796875,12.78522216796875,9.21522216796875,-8.57477783203125,-9.20477783203125,-8.72477783203125,-8.68477783203125,-8.25477783203125
4.04522216796875,2.01522216796875,6.38522216796875,2.74522216796875,7.95522216796875,10.51522216796875,9.32522216796875,8.54522216796875,7.22522216796875,7.18522216796875,0.11522216796875,-3.69477783203125,-2.56477783203125,-4.00477783203125,-4.68477783203125,-3.59477783203125,-3.45477783203125,-2.20477783203125,-0.65477783203125,0.24522216796875,-0.02477783203125,2.66522216796875,3.26522216796875,3.89522216796875,5.61522216796875,5.95522216796875,5.47522216796875,5.28522216796875,5.53522216796875,6.51522216796875,7.54522216796875,7.85522216796875,9.67522216796875,10.53522216796875,10.68522216796875,12.52522216796875,12.20522216796875,12.92522216796875,12.90522216796875,9.85522216796875,-3.20477783203125,-10.01477783203125,-7.91477783203125,-7.97477783203125,-8.56477783203125
7.64522216796875,6.45522216796875,7.07522216796875,6.58522216796875,7.17522216796875,8.03522216796875,8.39522216796875,6.41522216796875,6.54522216796875,4.07522216796875,0.10522216796875,-4.37477783203125,-3.93477783203125,-3.94477783203125,-4.59477783203125,-4.59477783203125,-4.67477783203125,-4.33477783203125,-4.45477783203125,-3.25477783203125,-2.13477783203125,0.07522216796875,2.34522216796875,2.14522216796875,3.61522216796875,4.57522216796875,3.90522216796875,3.09522216796875,4.19522216796875,5.98522216796875,5.85522216796875,7.02522216796875,7.38522216796875,7.76522216796875,9.36522216796875,10.48522216796875,11.29522216796875,12.07522216796875,11.04522216796875,9.65522216796875,0.32522216796875,-7.66477783203125,-7.91477783203125,-7.83477783203125,-7.09477783203125
7.09522216796875,6.10522216796875,3.83522216796875,4.37522216796875,6.49522216796875,6.38522216796875,5.99522216796875,4.91522216796875,4.84522216796875,1.36522216796875,-1.72477783203125,-5.83477783203125,-6.34477783203125,-5.05477783203125,-3.83477783203125,-4.33477783203125,-4.49477783203125,-4.24477783203125,-3.79477783203125,-4.08477783203125,-2.70477783203125,-1.13477783203125,1.03522216796875,1.67522216796875,1.34522216796875,0.39522216796875,1.27522216796875,1.34522216796875,2.60522216796875,1.87522216796875,3.62522216796875,4.67522216796875,5.22522216796875,7.39522216796875,8.35522216796875,9.76522216796875,10.80522216796875,9.89522216796875,9.80522216796875,7.99522216796875,-0.76477783203125,-8.64477783203125,-7.90477783203125,-6.17477783203125,-7.04477783203125
5.03522216796875,5.88522216796875,4.87522216796875,4.51522216796875,5.26522216796875,3.12522216796875,3.99522216796875,3.97522216796875,1.87522216796875,-3.32477783203125,-3.93477783203125,-6.90477783203125,-7.10477783203125,-5.98477783203125,-5.09477783203125,-4.92477783203125,-5.43477783203125,-4.94477783203125,-3.49477783203125,-3.64477783203125,-3.96477783203125,-2.46477783203125,-1.96477783203125,0.50522216796875,1.70522216796875,0.59522216796875,0.49522216796875,1.90522216796875,0.49522216796875,1.51522216796875,2.81522216796875,4.42522216796875,5.42522216796875,6.94522216796875,7.47522216796875,8.52522216796875,9.64522216796875,8.93522216796875,8.94522216796875,9.06522216796875,1.59522216796875,-6.80477783203125,-7.24477783203125,-7.27477783203125,-5.52477783203125
