wallpaper-engine/data/weather/current/current-wind-surface-level-gfs-1.0.json
{"header": {"discipline":0,"disciplineName":"Meteorological Products","gribEdition":2,"gribLength":78264,"center":7,"centerName":"US National Weather Service - NCEP (WMC)","subcenter":0,"refTime":"2025-12-11T06:00:00.000Z","significanceOfRT":1,"significanceOfRTName":1,"productStatus":0,"productStatusName":"Operational products","productType":1,"productTypeName":"Forecast products","productDefinitionTemplate":0,"productDefinitionTemplateName":"Analysis or forecast at a horizontal level or in a horizontal layer at a point in time.","parameterCategory":2,"parameterCategoryName":"Momentum","parameterNumber":2,"parameterNumberName":"U-Component of Wind","parameterUnit":"m s-1","genProcessType":2,"genProcessTypeName":"Forecast","forecastTime":0,"surface1Type":103,"surface1TypeName":"Specified Height Level Above Ground","surface1Value":10,"surface2Type":255,"surface2TypeName":"Missing","surface2Value":0,"gridDefinitionTemplate":0,"gridDefinitionTemplateName":"Latitude/longitude (or equidistant cylindrical, or Plate Carree)","numberPoints":65160,"shape":6,"shapeName":"Earth assumed spherical with radius of 6,371,229.0 m","gridUnits":"degrees","resolution":48,"winds":true,"scanMode":0,"nx":360,"ny":181,"basicAngle":0.000001,"lo1":0,"la1":90,"lo2":359,"la2":-90,"dx":1,"dy":1,"subDivisions":0}, "data":
[rows 120 to 139 of 181, columns 45 to 89 of 360]
-2.41477783203125,-1.35477783203125,-0.90477783203125,-1.15477783203125,-1.93477783203125,-2.94477783203125,-2.97477783203125,-1.00477783203125,0.58522216796875,2.15522216796875,3.55522216796875,5.08522216796875,6.70522216796875,4.93522216796875,4.53522216796875,4.28522216796875,3.51522216796875,2.34522216796875,1.98522216796875,1.36522216796875,0.11522216796875,0.20522216796875,-0.23477783203125,-1.03477783203125,-1.27477783203125,-1.30477783203125,-1.31477783203125,-1.37477783203125,-1.92477783203125,-2.36477783203125,-2.27477783203125,-2.63477783203125,-2.18477783203125,-2.58477783203125,-3.39477783203125,-3.48477783203125,-3.61477783203125,-2.91477783203125,-3.33477783203125,-3.38477783203125,-4.76477783203125,-5.19477783203125,-5.60477783203125,-5.09477783203125,-4.62477783203125
-0.72477783203125,-0.10477783203125,0.21522216796875,0.43522216796875,0.55522216796875,0.74522216796875,-0.17477783203125,-0.29477783203125,-0.71477783203125,0.50522216796875,3.57522216796875,4.54522216796875,4.28522216796875,7.88522216796875,6.13522216796875,6.42522216796875,5.48522216796875,3.94522216796875,3.37522216796875,2.88522216796875,1.16522216796875,0.69522216796875,0.87522216796875,-0.64477783203125,0.33522216796875,0.05522216796875,-0.28477783203125,-0.16477783203125,0.08522216796875,0.42522216796875,0.80522216796875,0.57522216796875,1.16522216796875,-1.11477783203125,-2.44477783203125,-4.07477783203125,-2.93477783203125,-2.04477783203125,-1.57477783203125,-3.00477783203125,-4.12477783203125,-3.96477783203125,-4.88477783203125,-4.01477783203125,-4.37477783203125
0.75522216796875,1.30522216796875,2.61522216796875,2.59522216796875,2.32522216796875,2.29522216796875,2.49522216796875,3.06522216796875,2.23522216796875,1.41522216796875,1.00522216796875,3.40522216796875,3.84522216796875,6.25522216796875,6.94522216796875,10.39522216796875,7.40522216796875,5.26522216796875,4.66522216796875,4.38522216796875,2.48522216796875,1.99522216796875,1.63522216796875,0.76522216796875,1.48522216796875,1.23522216796875,0.30522216796875,0.91522216796875,1.10522216796875,1.21522216796875,1.59522216796875,1.39522216796875,0.10522216796875,-1.31477783203125,-1.15477783203125,-2.95477783203125,-2.37477783203125,-2.22477783203125,-2.40477783203125,-2.75477783203125,-2.62477783203125,-2.68477783203125,-3.36477783203125,-3.16477783203125,-3.29477783203125
2.01522216796875,2.90522216796875,3.80522216796875,4.56522216796875,4.93522216796875,4.16522216796875,4.42522216796875,4.82522216796875,4.62522216796875,3.51522216796875,4.52522216796875,2.72522216796875,3.44522216796875,6.99522216796875,7.38522216796875,11.89522216796875,11.19522216796875,6.89522216796875,5.95522216796875,5.05522216796875,4.24522216796875,3.49522216796875,2.62522216796875,2.35522216796875,1.78522216796875,1.83522216796875,0.72522216796875,1.63522216796875,1.00522216796875,1.08522216796875,1.73522216796875,1.54522216796875,0.56522216796875,0.01522216796875,-0.30477783203125,-1.59477783203125,-1.07477783203125,-1.70477783203125,-1.99477783203125,-1.69477783203125,-1.33477783203125,-1.44477783203125,-1.32477783203125,-1.11477783203125,-1.36477783203125
4.57522216796875,4.99522216796875,5.84522216796875,6.46522216796875,6.54522216796875,6.34522216796875,5.91522216796875,5.35522216796875,6.07522216796875,5.70522216796875,6.58522216796875,5.11522216796875,3.36522216796875,2.31522216796875,4.46522216796875,1.77522216796875,7.59522216796875,9.50522216796875,6.96522216796875,5.77522216796875,4.63522216796875,3.97522216796875,3.95522216796875,3.18522216796875,2.36522216796875,2.56522216796875,1.75522216796875,1.79522216796875,1.62522216796875,2.19522216796875,2.26522216796875,2.07522216796875,1.39522216796875,0.68522216796875,0.59522216796875,2.04522216796875,0.42522216796875,-0.32477783203125,-0.04477783203125,-0.23477783203125,0.30522216796875,0.55522216796875,0.82522216796875,1.35522216796875,0.81522216796875
5.98522216796875,6.47522216796875,7.35522216796875,7.66522216796875,8.48522216796875,7.61522216796875,7.06522216796875,7.61522216796875,6.89522216796875,6.44522216796875,5.34522216796875,5.80522216796875,4.54522216796875,3.86522216796875,2.96522216796875,2.74522216796875,1.85522216796875,6.14522216796875,6.18522216796875,6.48522216796875,4.85522216796875,5.02522216796875,4.32522216796875,4.11522216796875,3.40522216796875,2.91522216796875,2.63522216796875,2.15522216796875,2.04522216796875,2.82522216796875,3.24522216796875,3.11522216796875,2.63522216796875,2.82522216796875,1.81522216796875,2.11522216796875,1.69522216796875,1.30522216796875,1.36522216796875,1.42522216796875,1.57522216796875,2.04522216796875,2.57522216796875,3.00522216796875,3.09522216796875
7.07522216796875,8.54522216796875,8.72522216796875,8.71522216796875,8.04522216796875,9.38522216796875,8.90522216796875,8.12522216796875,8.38522216796875,6.84522216796875,5.46522216796875,6.52522216796875,5.98522216796875,4.82522216796875,4.35522216796875,3.21522216796875,2.44522216796875,2.71522216796875,5.55522216796875,6.24522216796875,6.15522216796875,7.05522216796875,5.85522216796875,4.51522216796875,4.28522216796875,3.78522216796875,3.44522216796875,2.90522216796875,3.23522216796875,3.30522216796875,3.63522216796875,3.62522216796875,3.85522216796875,2.45522216796875,3.57522216796875,3.68522216796875,3.84522216796875,4.68522216796875,3.88522216796875,3.54522216796875,3.65522216796875,4.03522216796875,4.23522216796875,4.38522216796875,4.63522216796875
9.02522216796875,8.13522216796875,8.77522216796875,9.88522216796875,9.64522216796875,9.49522216796875,10.39522216796875,9.27522216796875,7.71522216796875,8.74522216796875,6.59522216796875,7.85522216796875,7.85522216796875,7.34522216796875,5.08522216796875,4.67522216796875,3.60522216796875,3.94522216796875,1.66522216796875,6.61522216796875,7.02522216796875,6.68522216796875,6.82522216796875,5.41522216796875,4.11522216796875,3.64522216796875,3.49522216796875,3.97522216796875,3.57522216796875,4.41522216796875,3.77522216796875,3.89522216796875,4.20522216796875,4.77522216796875,4.15522216796875,5.48522216796875,5.53522216796875,4.88522216796875,4.03522216796875,2.74522216796875,2.74522216796875,2.70522216796875,3.55522216796875,4.48522216796875,4.77522216796875
9.68522216796875,9.52522216796875,9.60522216796875,10.61522216796875,10.05522216796875,10.70522216796875,10.67522216796875,10.33522216796875,9.93522216796875,9.52522216796875,9.80522216796875,8.81522216796875,9.49522216796875,8.79522216796875,7.31522216796875,7.15522216796875,5.27522216796875,4.44522216796875,4.63522216796875,1.49522216796875,6.86522216796875,5.90522216796875,4.39522216796875,5.84522216796875,4.80522216796875,3.74522216796875,3.43522216796875,4.31522216796875,5.08522216796875,4.64522216796875,4.56522216796875,4.55522216796875,4.90522216796875,4.99522216796875,5.70522216796875,6.15522216796875,5.27522216796875,5.04522216796875,4.67522216796875,3.80522216796875,4.73522216796875,3.72522216796875,3.82522216796875,4.54522216796875,5.03522216796875
8.93522216796875,10.28522216796875,9.85522216796875,10.12522216796875,10.81522216796875,11.84522216796875,11.78522216796875,11.81522216796875,11.71522216796875,11.41522216796875,13.13522216796875,12.11522216796875,12.12522216796875,10.60522216796875,9.47522216796875,8.67522216796875,9.58522216796875,7.22522216796875,5.55522216796875,4.22522216796875,5.20522216796875,6.40522216796875,4.78522216796875,4.86522216796875,5.72522216796875,5.33522216796875,4.24522216796875,4.83522216796875,5.23522216796875,5.66522216796875,5.67522216796875,5.93522216796875,5.72522216796875,5.71522216796875,6.19522216796875,6.60522216796875,6.07522216796875,5.17522216796875,4.84522216796875,4.95522216796875,5.63522216796875,3.60522216796875,4.61522216796875,5.19522216796875,4.99522216796875
10.28522216796875,10.21522216796875,10.74522216796875,10.97522216796875,11.31522216796875,11.72522216796875,12.78522216796875,12.99522216796875,13.60522216796875,13.96522216796875,13.81522216796875,13.11522216796875,12.42522216796875,12.30522216796875,11.04522216796875,11.95522216796875,10.38522216796875,11.38522216796875,8.32522216796875,6.51522216796875,4.81522216796875,4.99522216796875,4.83522216796875,6.94522216796875,7.44522216796875,7.07522216796875,5.95522216796875,6.07522216796875,6.42522216796875,6.63522216796875,6.24522216796875,6.59522216796875,6.78522216796875,6.25522216796875,6.51522216796875,5.92522216796875,6.34522216796875,6.48522216796875,5.96522216796875,5.59522216796875,5.95522216796875,4.34522216796875,4.47522216796875,5.30522216796875,5.42522216796875
10.41522216796875,11.25522216796875,11.77522216796875,11.52522216796875,12.60522216796875,12.94522216796875,13.35522216796875,14.39522216796875,14.77522216796875,14.63522216796875,15.10522216796875,14.61522216796875,13.80522216796875,13.75522216796875,13.81522216796875,12.26522216796875,12.59522216796875,10.56522216796875,10.29522216796875,7.51522216796875,6.85522216796875,5.92522216796875,6.43522216796875,6.56522216796875,3.84522216796875,6.93522216796875,7.71522216796875,8.48522216796875,7.63522216796875,7.11522216796875,7.44522216796875,7.80522216796875,7.11522216796875,6.68522216796875,6.61522216796875,6.85522216796875,6.35522216796875,6.46522216796875,7.06522216796875,6.34522216796875,5.40522216796875,5.33522216796875,6.27522216796875,6.15522216796875,6.22522216796875
11.62522216796875,11.85522216796875,12.08522216796875,12.74522216796875,13.12522216796875,13.80522216796875,14.61522216796875,15.30522216796875,15.79522216796875,15.88522216796875,15.73522216796875,15.22522216796875,15.09522216796875,15.77522216796875,14.66522216796875,12.51522216796875,13.14522216796875,11.48522216796875,11.87522216796875,8.19522216796875,7.89522216796875,7.78522216796875,5.95522216796875,4.25522216796875,6.40522216796875,9.02522216796875,9.20522216796875,9.48522216796875,8.48522216796875,7.62522216796875,9.11522216796875,8.84522216796875,9.08522216796875,7.44522216796875,7.53522216796875,7.43522216796875,7.15522216796875,7.13522216796875,8.20522216796875,7.04522216796875,6.83522216796875,6.58522216796875,6.33522216796875,6.73522216796875,6.97522216796875
11.48522216796875,11.69522216796875,12.13522216796875,12.67522216796875,13.36522216796875,13.91522216796875,14.33522216796875,14.70522216796875,15.73522216796875,15.40522216796875,15.96522216796875,16.58522216796875,16.29522216796875,15.60522216796875,15.79522216796875,13.77522216796875,14.37522216796875,12.69522216796875,12.92522216796875,11.61522216796875,7.88522216796875,6.84522216796875,5.90522216796875,1.87522216796875,4.85522216796875,8.63522216796875,9.57522216796875,7.32522216796875,6.72522216796875,7.69522216796875,8.70522216796875,9.67522216796875,8.16522216796875,7.41522216796875,8.07522216796875,8.91522216796875,7.13522216796875,7.46522216796875,8.92522216796875,7.51522216796875,6.53522216796875,6.75522216796875,7.11522216796875,7.16522216796875,7.68522216796875
11.72522216796875,12.18522216796875,12.52522216796875,13.09522216796875,13.80522216796875,14.34522216796875,14.73522216796875,14.87522216796875,15.29522216796875,15.27522216796875,15.88522216796875,15.69522216796875,15.93522216796875,15.73522216796875,14.61522216796875,14.82522216796875,13.08522216796875,12.99522216796875,13.17522216796875,12.29522216796875,8.30522216796875,6.92522216796875,3.06522216796875,3.12522216796875,4.48522216796875,5.73522216796875,4.90522216796875,8.06522216796875,11.77522216796875,9.10522216796875,8.71522216796875,9.08522216796875,8.57522216796875,8.22522216796875,6.19522216796875,6.81522216796875,7.92522216796875,7.56522216796875,7.97522216796875,9.19522216796875,7.26522216796875,7.62522216796875,7.05522216796875,6.94522216796875,8.35522216796875
12.26522216796875,11.98522216796875,12.37522216796875,13.17522216796875,13.96522216796875,14.43522216796875,15.02522216796875,15.41522216796875,15.45522216796875,15.39522216796875,15.17522216796875,15.42522216796875,15.40522216796875,14.76522216796875,12.82522216796875,12.37522216796875,11.97522216796875,11.41522216796875,10.68522216796875,8.78522216796875,11.92522216796875,0.78522216796875,3.09522216796875,6.13522216796875,7.92522216796875,6.53522216796875,6.40522216796875,7.30522216796875,11.91522216796875,11.26522216796875,11.06522216796875,10.19522216796875,8.46522216796875,7.82522216796875,6.92522216796875,7.12522216796875,6.82522216796875,9.53522216796875,8.39522216796875,8.09522216796875,7.67522216796875,7.95522216796875,7.42522216796875,8.97522216796875,8.95522216796875
11.60522216796875,11.96522216796875,12.66522216796875,13.44522216796875,13.93522216796875,14.76522216796875,15.47522216796875,15.73522216796875,15.49522216796875,15.03522216796875,15.36522216796875,14.74522216796875,13.18522216796875,12.66522216796875,11.36522216796875,9.86522216796875,9.53522216796875,8.76522216796875,8.79522216796875,8.36522216796875,3.70522216796875,2.22522216796875,4.43522216796875,5.30522216796875,5.59522216796875,5.61522216796875,6.74522216796875,6.70522216796875,7.23522216796875,10.35522216796875,11.93522216796875,8.87522216796875,8.58522216796875,7.57522216796875,8.07522216796875,8.21522216796875,8.01522216796875,8.97522216796875,8.83522216796875,8.54522216796875,8.59522216796875,8.99522216796875,8.28522216796875,9.80522216796875,9.76522216796875
11.67522216796875,11.98522216796875,12.69522216796875,13.36522216796875,13.67522216796875,13.84522216796875,14.35522216796875,14.22522216796875,14.71522216796875,14.35522216796875,14.50522216796875,12.85522216796875,12.01522216796875,10.93522216796875,8.89522216796875,7.84522216796875,7.53522216796875,7.82522216796875,8.69522216796875,6.74522216796875,2.42522216796875,3.70522216796875,4.56522216796875,4.59522216796875,4.73522216796875,5.06522216796875,7.63522216796875,7.49522216796875,4.63522216796875,5.45522216796875,4.04522216796875,4.63522216796875,6.81522216796875,6.51522216796875,6.20522216796875,7.03522216796875,7.84522216796875,8.77522216796875,9.30522216796875,7.93522216796875,7.49522216796875,9.00522216796875,9.82522216796875,9.52522216796875,9.59522216796875
11.61522216796875,11.73522216796875,11.94522216796875,12.08522216796875,12.05522216796875,12.09522216796875,11.86522216796875,12.11522216796875,11.23522216796875,10.21522216796875,10.42522216796875,8.95522216796875,9.54522216796875,7.50522216796875,5.92522216796875,5.83522216796875,6.10522216796875,6.82522216796875,4.30522216796875,5.40522216796875,2.30522216796875,3.59522216796875,3.11522216796875,4.81522216796875,5.21522216796875,5.46522216796875,5.72522216796875,4.84522216796875,4.94522216796875,4.46522216796875,4.04522216796875,2.24522216796875,3.53522216796875,8.67522216796875,7.32522216796875,7.39522216796875,7.81522216796875,8.00522216796875,8.65522216796875,7.66522216796875,7.24522216796875,6.07522216796875,4.49522216796875,5.93522216796875,8.98522216796875
10.68522216796875,10.73522216796875,10.57522216796875,10.28522216796875,10.59522216796875,9.80522216796875,8.88522216796875,7.92522216796875,5.82522216796875,6.87522216796875,9.05522216796875,5.69522216796875,2.44522216796875,2.03522216796875,2.90522216796875,3.95522216796875,5.04522216796875,5.25522216796875,3.14522216796875,1.82522216796875,1.65522216796875,2.53522216796875,4.60522216796875,5.60522216796875,5.20522216796875,6.45522216796875,6.77522216796875,6.09522216796875,6.17522216796875,4.97522216796875,5.37522216796875,4.51522216796875,1.54522216796875,-0.00477783203125,-1.68477783203125,-3.97477783203125,-3.52477783203125,-0.96477783203125,1.50522216796875,4.49522216796875,6.00522216796875,6.70522216796875,7.68522216796875,8.90522216796875,9.96522216796875
