wallpaper-engine/data/weather/current/current-wind-surface-level-gfs-1.0.json
{"header": {"discipline":0,"disciplineName":"Meteorological Products","gribEdition":2,"gribLength":78609,"center":7,"centerName":"US National Weather Service - NCEP (WMC)","subcenter":0,"refTime":"2025-12-11T06:00:00.000Z","significanceOfRT":1,"significanceOfRTName":1,"productStatus":0,"productStatusName":"Operational products","productType":1,"productTypeName":"Forecast products","productDefinitionTemplate":0,"productDefinitionTemplateName":"Analysis or forecast at a horizontal level or in a horizontal layer at a point in time.","parameterCategory":2,"parameterCategoryName":"Momentum","parameterNumber":3,"parameterNumberName":"V-Component of Wind","parameterUnit":"m s-1","genProcessType":2,"genProcessTypeName":"Forecast","forecastTime":0,"surface1Type":103,"surface1TypeName":"Specified Height Level Above Ground","surface1Value":10,"surface2Type":255,"surface2TypeName":"Missing","surface2Value":0,"gridDefinitionTemplate":0,"gridDefinitionTemplateName":"Latitude/longitude (or equidistant cylindrical, or Plate Carree)","numberPoints":65160,"shape":6,"shapeName":"Earth assumed spherical with radius of 6,371,229.0 m","gridUnits":"degrees","resolution":48,"winds":true,"scanMode":0,"nx":360,"ny":181,"basicAngle":0.000001,"lo1":0,"la1":90,"lo2":359,"la2":-90,"dx":1,"dy":1,"subDivisions":0}, "data":
[rows 46 to 68 of 181, columns 153 to 203 of 360]
9.8853515625,8.0153515625,5.0853515625,0.9353515625,-1.3946484375,-4.4546484375,-6.3346484375,-7.9546484375,-10.0046484375,-11.4346484375,-13.2846484375,-13.0346484375,-14.6446484375,-14.6846484375,-16.7746484375,-18.8346484375,-15.3646484375,-4.1946484375,1.3353515625,4.6653515625,8.4253515625,10.1253515625,10.8453515625,10.7353515625,10.1553515625,10.0253515625,9.5653515625,9.3553515625,7.8153515625,5.9353515625,4.5653515625,2.5753515625,1.6253515625,0.4153515625,-1.4446484375,-3.5146484375,-5.3646484375,-6.8146484375,-7.4046484375,-8.5146484375,-9.3446484375,-9.7646484375,-9.9446484375,-10.0946484375,-10.0746484375,-9.6946484375,-9.6846484375,-9.4846484375,-9.3546484375,-9.0946484375,-8.3246484375
8.5453515625,6.5453515625,2.7053515625,0.1953515625,-3.3346484375,-5.4846484375,-6.8246484375,-8.2446484375,-11.0146484375,-12.2846484375,-14.7046484375,-15.4146484375,-17.2446484375,-17.7146484375,-21.0546484375,-23.4746484375,-14.7146484375,4.5553515625,8.0653515625,10.4653515625,10.8953515625,13.4153515625,13.2853515625,12.4453515625,11.9653515625,9.8953515625,9.5353515625,9.3553515625,7.8453515625,6.2553515625,4.3553515625,3.3053515625,3.0153515625,1.1853515625,-0.8846484375,-2.4946484375,-3.7246484375,-6.0346484375,-7.5246484375,-8.6246484375,-9.2846484375,-9.6846484375,-9.9646484375,-10.3246484375,-10.3946484375,-10.3446484375,-10.8546484375,-9.4846484375,-10.1946484375,-8.9246484375,-9.4546484375
7.8753515625,5.1753515625,3.1353515625,0.8953515625,-2.5546484375,-5.3846484375,-7.0646484375,-9.5546484375,-12.0346484375,-13.4646484375,-15.3946484375,-17.0246484375,-18.8146484375,-20.7746484375,-24.2546484375,-28.2946484375,-0.6346484375,7.6353515625,12.0653515625,13.3953515625,13.8653515625,13.6853515625,14.5753515625,13.6753515625,12.9953515625,11.9453515625,10.0953515625,9.0553515625,7.9353515625,6.1353515625,4.2953515625,3.5053515625,3.0453515625,2.7853515625,1.1853515625,-2.3146484375,-4.2646484375,-5.9046484375,-7.1446484375,-8.6746484375,-9.6746484375,-10.1946484375,-10.1546484375,-11.0546484375,-11.0446484375,-11.1246484375,-11.2446484375,-10.5846484375,-10.5046484375,-9.6346484375,-9.7046484375
6.2853515625,4.1853515625,2.0753515625,-0.4246484375,-3.0246484375,-5.6946484375,-8.2246484375,-10.6046484375,-12.6546484375,-14.2446484375,-16.0146484375,-17.6546484375,-18.8946484375,-20.9246484375,-24.0146484375,-27.2146484375,-1.7446484375,15.3253515625,21.3553515625,19.9253515625,15.7353515625,15.3953515625,15.0853515625,14.8253515625,12.8953515625,11.8853515625,9.9853515625,9.0353515625,8.7253515625,6.7953515625,4.6053515625,2.7953515625,3.6153515625,1.8453515625,-0.9946484375,-2.3546484375,-4.6046484375,-6.6846484375,-8.4246484375,-9.1046484375,-9.6646484375,-10.4946484375,-11.1446484375,-11.5246484375,-11.6946484375,-11.7846484375,-11.0746484375,-10.8246484375,-10.8846484375,-11.3746484375,-10.2146484375
5.3153515625,1.4653515625,-0.8646484375,-2.9546484375,-5.1246484375,-7.4446484375,-9.6846484375,-11.0446484375,-12.4946484375,-13.7646484375,-15.2046484375,-16.7446484375,-18.2046484375,-19.6546484375,-21.7646484375,-20.2046484375,-16.0646484375,14.3153515625,23.5553515625,19.2553515625,20.6653515625,16.1453515625,14.9253515625,15.1853515625,13.4953515625,12.0653515625,10.5753515625,9.3353515625,8.1653515625,5.9853515625,4.4353515625,3.5853515625,2.4253515625,0.5553515625,-1.3146484375,-3.3146484375,-5.4546484375,-7.2146484375,-8.0146484375,-8.4046484375,-9.3146484375,-10.3246484375,-10.5746484375,-11.4146484375,-11.1546484375,-12.1146484375,-11.3946484375,-12.0346484375,-10.0246484375,-10.9846484375,-9.8046484375
3.7753515625,-0.0246484375,-3.8146484375,-4.8746484375,-6.4046484375,-8.1946484375,-10.0346484375,-11.7646484375,-12.4346484375,-13.9646484375,-14.8046484375,-14.5046484375,-16.5446484375,-17.1346484375,-16.7146484375,-16.1346484375,-10.3046484375,-0.0846484375,8.0753515625,10.7453515625,13.9053515625,16.6353515625,16.0053515625,14.5553515625,13.1653515625,11.6053515625,11.2753515625,10.4153515625,7.8353515625,5.5053515625,3.5253515625,2.1353515625,2.4253515625,1.8753515625,-0.3746484375,-3.1846484375,-5.0446484375,-6.6646484375,-7.8146484375,-9.3346484375,-8.6646484375,-9.8846484375,-10.7146484375,-11.9846484375,-11.9846484375,-11.3546484375,-12.4646484375,-11.2746484375,-11.0546484375,-8.4546484375,-7.2146484375
1.2853515625,-1.6246484375,-4.8146484375,-6.6146484375,-8.1546484375,-9.3246484375,-10.2246484375,-11.0546484375,-11.3846484375,-13.6446484375,-14.3346484375,-13.6446484375,-14.5546484375,-14.7046484375,-14.6846484375,-12.9446484375,-8.5846484375,-4.3246484375,-0.7046484375,1.7053515625,5.0153515625,18.7953515625,17.2953515625,16.2453515625,13.4553515625,11.8653515625,10.2553515625,10.0053515625,7.3253515625,4.8553515625,2.1553515625,1.1453515625,0.8953515625,1.3053515625,-0.7346484375,-1.7946484375,-3.9346484375,-5.9746484375,-6.6146484375,-8.9846484375,-9.9846484375,-10.3846484375,-11.0846484375,-11.7846484375,-10.7346484375,-10.9346484375,-10.8146484375,-10.2946484375,-6.8446484375,-7.3646484375,-7.0246484375
-1.4046484375,-3.2646484375,-5.9846484375,-7.3446484375,-9.2946484375,-9.0546484375,-9.8746484375,-10.1446484375,-11.8246484375,-12.6546484375,-12.5546484375,-13.7646484375,-13.0846484375,-13.3146484375,-13.4346484375,-11.6746484375,-11.3046484375,-7.6746484375,-5.6446484375,-3.2746484375,1.4553515625,16.0453515625,16.2153515625,14.5353515625,14.0553515625,12.3353515625,11.1253515625,10.1553515625,8.3053515625,5.8353515625,2.9153515625,0.5653515625,-0.6846484375,-1.2246484375,-0.4446484375,-2.5446484375,-3.2246484375,-5.9546484375,-5.9246484375,-7.7046484375,-9.1646484375,-10.3446484375,-11.4546484375,-11.5846484375,-10.0446484375,-11.6046484375,-10.3146484375,-9.5746484375,-8.5246484375,-7.6946484375,-7.6846484375
-2.5446484375,-4.3246484375,-6.6446484375,-7.5446484375,-7.6446484375,-8.0546484375,-8.0346484375,-8.8346484375,-9.1946484375,-11.3246484375,-12.0146484375,-11.8646484375,-12.0146484375,-12.1046484375,-12.2446484375,-12.2346484375,-11.0346484375,-9.6746484375,-7.5446484375,-4.9146484375,-1.9946484375,1.9153515625,16.6953515625,14.6953515625,13.4753515625,12.3253515625,11.1453515625,10.3753515625,7.8453515625,5.8453515625,4.4453515625,1.3153515625,-0.7446484375,-1.9146484375,-2.1246484375,-1.3746484375,-3.2846484375,-5.5946484375,-5.2846484375,-8.4046484375,-9.8246484375,-10.4146484375,-10.7146484375,-11.7446484375,-11.7446484375,-10.3846484375,-8.5646484375,-9.5046484375,-8.2846484375,-9.0146484375,-10.2246484375
-3.0146484375,-4.2146484375,-7.0746484375,-7.4246484375,-7.3646484375,-8.5246484375,-7.3846484375,-6.6146484375,-6.6746484375,-8.8446484375,-9.6246484375,-10.3646484375,-12.0446484375,-12.3246484375,-12.9146484375,-12.1946484375,-11.2046484375,-10.4246484375,-8.7846484375,-6.5346484375,-3.7846484375,-5.8346484375,17.8153515625,14.4953515625,13.5853515625,11.9553515625,11.4153515625,10.1453515625,8.3453515625,5.7653515625,4.7053515625,2.4153515625,0.2153515625,-1.9146484375,-3.0246484375,-3.6046484375,-4.2746484375,-3.9746484375,-4.8946484375,-6.9746484375,-9.7146484375,-10.2446484375,-11.3846484375,-12.3646484375,-11.7546484375,-9.9146484375,-7.3246484375,-7.8346484375,-9.0346484375,-9.1146484375,-9.5446484375
-2.9946484375,-3.5346484375,-6.0746484375,-5.8646484375,-8.3746484375,-7.4546484375,-7.0946484375,-6.7246484375,-7.7146484375,-8.5946484375,-9.4446484375,-11.3646484375,-12.4246484375,-12.9346484375,-12.0046484375,-11.7546484375,-10.9346484375,-10.8646484375,-9.3346484375,-8.1446484375,-4.3046484375,-2.3446484375,16.8553515625,14.7553515625,13.2653515625,12.0153515625,10.5653515625,9.0853515625,7.7953515625,6.3753515625,4.0553515625,2.5953515625,0.2553515625,-1.5346484375,-2.6146484375,-4.2946484375,-4.4846484375,-4.8046484375,-6.4046484375,-6.3946484375,-8.4746484375,-10.4046484375,-10.1746484375,-11.6846484375,-11.2746484375,-9.6346484375,-7.9646484375,-7.6846484375,-9.4846484375,-6.9546484375,-9.3046484375
-3.3746484375,-3.7646484375,-5.7946484375,-6.2046484375,-6.8746484375,-6.9346484375,-6.7946484375,-6.4146484375,-7.1246484375,-9.9446484375,-10.5946484375,-11.5646484375,-12.2346484375,-11.5646484375,-11.9446484375,-12.3446484375,-11.5946484375,-10.7546484375,-9.0846484375,-7.6946484375,-5.4146484375,-2.4946484375,13.6653515625,13.7953515625,12.5253515625,11.5553515625,10.4153515625,8.6653515625,7.4853515625,5.9853515625,3.3653515625,1.5653515625,0.5053515625,-2.2046484375,-2.9146484375,-4.8246484375,-6.6946484375,-7.8346484375,-8.4846484375,-8.4346484375,-8.3446484375,-9.4146484375,-10.0646484375,-9.6346484375,-10.6946484375,-8.8946484375,-7.4146484375,-8.6446484375,-8.8746484375,-9.5946484375,-10.4246484375
-2.5146484375,-3.4546484375,-4.7446484375,-5.2746484375,-5.9246484375,-6.1646484375,-6.3146484375,-6.0546484375,-7.1746484375,-9.8746484375,-11.3046484375,-10.7746484375,-12.4146484375,-12.5546484375,-12.6146484375,-11.9146484375,-11.4446484375,-10.6646484375,-9.0746484375,-6.1346484375,-5.2646484375,-4.9646484375,12.3053515625,13.2053515625,12.3953515625,11.5853515625,9.3653515625,8.4253515625,6.4453515625,4.2153515625,3.3953515625,0.7553515625,-1.0746484375,-1.4546484375,-2.8746484375,-4.1546484375,-5.7946484375,-7.3146484375,-7.2246484375,-8.8546484375,-10.0846484375,-10.1046484375,-10.7446484375,-9.8846484375,-8.0646484375,-9.0046484375,-9.0946484375,-8.6146484375,-10.2146484375,-11.1646484375,-13.2246484375
-3.5246484375,-4.0246484375,-3.7346484375,-5.4746484375,-7.1046484375,-6.5146484375,-7.6946484375,-8.5746484375,-7.8146484375,-9.1846484375,-10.9246484375,-12.3946484375,-12.3846484375,-12.9046484375,-12.3946484375,-11.4246484375,-11.5246484375,-10.6446484375,-9.1446484375,-7.3046484375,-7.5546484375,-4.7646484375,11.2953515625,13.0553515625,11.2653515625,9.3553515625,9.5353515625,7.6153515625,6.2553515625,4.2753515625,1.6253515625,0.7753515625,-0.0846484375,-2.4546484375,-4.0346484375,-5.2046484375,-5.6746484375,-6.6946484375,-6.4246484375,-7.3246484375,-7.1346484375,-8.3946484375,-9.4246484375,-10.4746484375,-9.7146484375,-9.5146484375,-8.3146484375,-10.2346484375,-10.4046484375,-11.6146484375,-8.7946484375
-4.2746484375,-3.8946484375,-5.0146484375,-4.8346484375,-7.3746484375,-8.1646484375,-9.4846484375,-9.0746484375,-9.1346484375,-9.6846484375,-10.4246484375,-10.7446484375,-12.4846484375,-12.1846484375,-12.5946484375,-12.6246484375,-11.1846484375,-9.9946484375,-9.9546484375,-8.9046484375,-7.9546484375,-6.0846484375,0.5453515625,13.6353515625,11.2753515625,10.3353515625,9.2853515625,7.9853515625,6.5553515625,3.6153515625,2.0453515625,-0.3146484375,-1.2846484375,-1.1546484375,-2.4746484375,-3.9646484375,-4.5146484375,-5.9846484375,-7.4846484375,-7.7646484375,-7.3746484375,-8.7146484375,-8.2246484375,-9.5046484375,-10.3646484375,-10.3046484375,-9.1446484375,-8.6946484375,-8.9046484375,-9.5046484375,-7.2446484375
-4.1846484375,-3.0346484375,-4.5846484375,-6.5746484375,-6.5446484375,-8.3246484375,-8.5246484375,-9.2046484375,-9.0746484375,-10.6646484375,-12.1046484375,-11.6046484375,-11.9946484375,-12.2446484375,-12.8646484375,-11.7946484375,-11.6546484375,-11.2946484375,-10.3046484375,-9.2546484375,-7.0546484375,-6.7646484375,-3.5746484375,11.3853515625,12.9453515625,11.0553515625,8.8553515625,5.8853515625,5.7253515625,3.5853515625,0.6953515625,0.0353515625,-1.8346484375,-3.0046484375,-2.7446484375,-3.9346484375,-5.8746484375,-6.0946484375,-6.1646484375,-7.0546484375,-7.7046484375,-8.7046484375,-8.8046484375,-9.0146484375,-8.9946484375,-8.6646484375,-7.5546484375,-7.0946484375,-7.5546484375,-8.0146484375,-7.8146484375
-4.6246484375,-4.6446484375,-5.7646484375,-6.8446484375,-6.8846484375,-7.8446484375,-8.9346484375,-9.5946484375,-11.0046484375,-11.5946484375,-11.2946484375,-10.9446484375,-11.6446484375,-11.3946484375,-12.6046484375,-12.2446484375,-11.4246484375,-10.6646484375,-8.8246484375,-6.6546484375,-6.5946484375,-5.9246484375,-3.0846484375,6.1353515625,12.9853515625,12.1753515625,10.5253515625,7.2453515625,6.3553515625,3.6253515625,1.1553515625,-1.2146484375,-1.0446484375,-2.0646484375,-4.0346484375,-4.1046484375,-5.1046484375,-4.6646484375,-6.2146484375,-6.6946484375,-7.9946484375,-8.0046484375,-7.9946484375,-8.2846484375,-7.8846484375,-7.6846484375,-6.4846484375,-7.3146484375,-8.4446484375,-7.9246484375,-8.6346484375
-4.9546484375,-4.7146484375,-5.8646484375,-6.6846484375,-7.5246484375,-8.4246484375,-8.2346484375,-9.5646484375,-10.5346484375,-12.0746484375,-12.3546484375,-12.0946484375,-12.0046484375,-11.0746484375,-11.2646484375,-10.8246484375,-8.9946484375,-8.6346484375,-6.1346484375,-6.9046484375,-7.1446484375,-6.6646484375,-3.4746484375,3.6153515625,12.8553515625,11.7053515625,10.1853515625,8.1553515625,6.2853515625,4.4453515625,2.0053515625,-0.7046484375,-1.7246484375,-2.7446484375,-3.7146484375,-4.9146484375,-5.6546484375,-5.9246484375,-6.0646484375,-7.4346484375,-8.1646484375,-8.0746484375,-7.3146484375,-7.6046484375,-6.3846484375,-6.8246484375,-8.2946484375,-8.0646484375,-7.8146484375,-7.9146484375,-7.2246484375
-4.2546484375,-4.8146484375,-6.1346484375,-6.6746484375,-8.3746484375,-8.8346484375,-9.7546484375,-10.2746484375,-10.8546484375,-10.4246484375,-11.0646484375,-11.4546484375,-11.7146484375,-10.2846484375,-9.7246484375,-9.0146484375,-7.0346484375,-7.4046484375,-6.8346484375,-7.1446484375,-7.8646484375,-6.9946484375,0.2453515625,6.5753515625,11.3753515625,11.2053515625,9.6953515625,8.0253515625,6.5253515625,4.1853515625,1.3253515625,0.6053515625,-1.4046484375,-2.5546484375,-4.5146484375,-4.6546484375,-5.4746484375,-6.6246484375,-7.7446484375,-7.6646484375,-7.5746484375,-7.7446484375,-8.3046484375,-8.6546484375,-7.8746484375,-7.6646484375,-8.8846484375,-7.7946484375,-6.9046484375,-8.8846484375,-8.6046484375
-4.6846484375,-5.8146484375,-5.5346484375,-6.0646484375,-7.6546484375,-9.2946484375,-9.8646484375,-10.3946484375,-9.8846484375,-10.0746484375,-10.8146484375,-10.5046484375,-10.9246484375,-9.0946484375,-8.4646484375,-9.0946484375,-9.1746484375,-7.9546484375,-8.2846484375,-8.1746484375,-6.7746484375,-1.8046484375,4.0253515625,5.3253515625,9.3153515625,9.1653515625,8.5553515625,7.4353515625,6.0353515625,4.5753515625,3.2953515625,2.4553515625,-0.0946484375,-1.8146484375,-2.4546484375,-5.0846484375,-6.6046484375,-7.0946484375,-8.0246484375,-7.6146484375,-8.4046484375,-8.3046484375,-7.4146484375,-8.2246484375,-7.9546484375,-7.7246484375,-8.0346484375,-6.1546484375,-8.0746484375,-8.6846484375,-9.0946484375
-2.4446484375,-3.6446484375,-4.7846484375,-6.3446484375,-7.9446484375,-8.3646484375,-8.4246484375,-8.8746484375,-8.7046484375,-9.2846484375,-9.4546484375,-9.4346484375,-9.2346484375,-9.4946484375,-9.1046484375,-8.2946484375,-8.5946484375,-9.0646484375,-8.9946484375,-5.6146484375,-0.9546484375,3.1553515625,3.3553515625,5.6353515625,7.1753515625,6.6153515625,5.9553515625,5.1853515625,4.0753515625,3.0053515625,1.7353515625,0.3553515625,-0.9546484375,-3.3446484375,-5.7046484375,-7.0146484375,-7.5846484375,-8.1646484375,-7.7346484375,-8.1346484375,-8.3846484375,-7.9346484375,-8.7946484375,-9.1246484375,-7.8046484375,-7.5846484375,-6.8846484375,-7.2046484375,-10.8546484375,-7.8146484375,5.2453515625
-5.1646484375,-5.7746484375,-6.0046484375,-6.4146484375,-7.1246484375,-7.7346484375,-8.7946484375,-8.6746484375,-8.5046484375,-8.5746484375,-8.6046484375,-7.9146484375,-8.4746484375,-8.6346484375,-9.2446484375,-9.2046484375,-9.7346484375,-8.4346484375,-3.6846484375,0.4153515625,1.9253515625,3.2653515625,4.2853515625,5.0653515625,6.1353515625,4.9253515625,3.4453515625,3.1253515625,2.8053515625,1.2353515625,-0.1646484375,-1.4646484375,-2.9846484375,-4.2746484375,-5.3346484375,-6.4346484375,-7.5346484375,-7.9146484375,-8.3746484375,-8.4146484375,-8.5046484375,-8.1046484375,-7.6346484375,-7.2646484375,-7.5746484375,-7.2146484375,-8.4146484375,-9.2746484375,-5.4546484375,-2.8346484375,4.2153515625
-4.7946484375,-6.0246484375,-6.3346484375,-6.9446484375,-7.6146484375,-8.2346484375,-9.2346484375,-8.7246484375,-8.9646484375,-8.9746484375,-8.7846484375,-9.0346484375,-8.7146484375,-9.7146484375,-10.0946484375,-8.2346484375,-6.2446484375,-2.4146484375,1.2753515625,1.7653515625,3.7053515625,3.8153515625,3.4853515625,3.7053515625,4.0453515625,3.8953515625,1.6453515625,-0.4346484375,-0.0746484375,-0.7046484375,-1.5346484375,-2.6046484375,-3.5746484375,-4.7346484375,-5.4946484375,-5.6346484375,-6.3346484375,-7.3346484375,-7.5946484375,-7.8346484375,-7.7446484375,-7.8946484375,-7.8746484375,-7.6146484375,-7.7946484375,-8.2346484375,-7.7946484375,-8.0446484375,5.3753515625,2.7953515625,3.1453515625
